10
25
20,13,90,80,66,52,14,29,18,33,19,36,96,45,35,70,46,75,96,96,43,29,42,64,77
15,31,73,26,40,74,32,74,62,53,74,45,80,36,87,73,40,52,21,71,95,43,99,42,68
89,37,34,15,18,78,14,36,54,27,44,93,45,73,14,23,81,25,50,38,53,13,52,37,93
34,33,96,41,85,72,52,37,35,99,71,61,32,58,30,22,22,54,50,25,59,49,37,68,31
75,42,59,55,35,49,16,49,38,29,97,47,80,25,33,42,55,67,88,99,94,30,66,90,18
50,79,64,96,37,69,76,88,41,57,61,82,13,28,78,45,55,40,50,28,92,56,10,59,14
31,77,26,31,97,32,73,18,47,53,61,56,31,68,96,67,85,77,93,79,67,92,50,50,71
78,29,58,39,57,44,34,31,65,25,74,14,52,46,94,38,96,72,25,32,85,29,16,51,30
15,83,70,35,41,28,86,59,84,94,61,20,99,65,78,40,15,73,50,99,67,62,15,43,84
86,17,44,88,10,26,70,95,32,99,99,25,21,75,92,72,19,91,83,95,69,35,91,79,75